BoneCount: 67
RootBone: 0
BoneName: RootNode
BoneImdex: 0
BoneParentIndex: -1
BoneChildCount: 2
1
66
1.000000 0.000000 -0.000000 0.000000
0.000000 1.000000 -0.000000 0.000000
-0.000000 -0.000000 1.000000 -0.000000
0.000000 0.000000 -0.000000 1.000000
1.000000 0.000000 0.000000 0.000000
0.000000 1.000000 0.000000 0.000000
0.000000 0.000000 1.000000 0.000000
0.000000 0.000000 0.000000 1.000000
BoneName: mixamorig:Hips
BoneImdex: 1
BoneParentIndex: 0
BoneChildCount: 3
2
56
61
1.000000 0.000087 -0.000003 0.000000
-0.000087 1.000000 -0.000000 0.000000
0.000003 0.000000 1.000000 -0.000000
0.000024 1.125590 -0.002843 1.000000
1.000000 -0.000088 0.000003 0.000000
0.000088 1.000000 0.000000 0.000000
-0.000003 0.000000 1.000000 -0.000000
-0.000122 -1.125590 0.002843 1.000000
BoneName: mixamorig:Spine
BoneImdex: 2
BoneParentIndex: 1
BoneChildCount: 1
3
1.000000 -0.000088 -0.000000 0.000000
0.000088 0.999984 0.005655 0.000000
-0.000000 -0.005655 0.999984 -0.000000
0.000004 0.106646 0.000603 1.000000
1.000000 0.000000 0.000003 0.000000
0.000000 0.999984 -0.005655 0.000000
-0.000003 0.005655 0.999984 -0.000000
-0.000019 -1.232203 0.009208 1.000000
BoneName: mixamorig:Spine1
BoneImdex: 3
BoneParentIndex: 2
BoneChildCount: 1
4
1.000000 0.000001 0.000000 0.000000
-0.000001 0.971363 0.237602 0.000000
0.000000 -0.237602 0.971363 -0.000000
-0.000000 0.116730 -0.000000 1.000000
1.000000 -0.000000 0.000003 0.000000
0.000001 0.970003 -0.243092 0.000000
-0.000003 0.243092 0.970003 -0.000000
-0.000020 -1.308115 0.329455 1.000000
BoneName: mixamorig:Spine2
BoneImdex: 4
BoneParentIndex: 3
BoneChildCount: 3
5
8
32
0.999264 0.037221 -0.009325 0.000000
-0.037520 0.998711 -0.034173 0.000000
0.008041 0.034498 0.999372 -0.000000
0.000000 0.140068 -0.000000 1.000000
0.999264 -0.037520 0.008044 0.000000
0.038373 0.977060 -0.209477 0.000000
0.000000 0.209631 0.977781 -0.000000
-0.056995 -1.457575 0.279289 1.000000
BoneName: mixamorig:Neck
BoneImdex: 5
BoneParentIndex: 4
BoneChildCount: 1
6
0.999263 -0.037520 0.008044 0.000000
0.038373 0.977060 -0.209477 0.000000
-0.000000 0.209631 0.977781 -0.000000
0.000278 0.189144 0.000320 1.000000
1.000000 0.000000 -0.000000 0.000000
0.000000 1.000000 -0.000000 0.000000
-0.000000 -0.000000 1.000000 -0.000000
0.006797 -1.669579 -0.072433 1.000000
BoneName: mixamorig:Head
BoneImdex: 6
BoneParentIndex: 5
BoneChildCount: 1
7
1.000000 0.000000 -0.000000 0.000000
0.000000 1.000000 -0.000000 0.000000
-0.000000 -0.000000 1.000000 -0.000000
-0.000011 0.098684 -0.042652 1.000000
1.000000 0.000000 -0.000000 0.000000
0.000000 1.000000 -0.000000 0.000000
-0.000000 -0.000000 1.000000 -0.000000
0.006809 -1.768264 -0.029782 1.000000
BoneName: mixamorig:HeadTop_End
BoneImdex: 7
BoneParentIndex: 6
BoneChildCount: 0
1.000000 0.000000 -0.000000 0.000000
0.000000 1.000000 -0.000000 0.000000
-0.000000 -0.000000 1.000000 -0.000000
-0.000028 0.219232 -0.021624 1.000000
1.000000 0.000000 -0.000000 0.000000
0.000000 1.000000 -0.000000 0.000000
-0.000000 -0.000000 1.000000 -0.000000
0.006837 -1.987496 -0.008158 1.000000
BoneName: mixamorig:LeftShoulder
BoneImdex: 8
BoneParentIndex: 4
BoneChildCount: 1
9
-0.001989 0.209705 0.977763 0.000000
0.999260 -0.037143 0.009999 0.000000
0.038414 0.977059 -0.209476 -0.000000
0.062114 0.136934 0.009244 1.000000
-0.001991 0.999998 0.000042 0.000000
0.000000 -0.000042 1.000000 0.000000
0.999998 0.001991 -0.000000 -0.000000
-0.070101 -0.057096 -1.619073 1.000000
BoneName: mixamorig:LeftArm
BoneImdex: 9
BoneParentIndex: 8
BoneChildCount: 1
10
1.000000 0.000883 0.000001 0.000000
-0.000883 0.999999 0.001198 0.000000
0.000001 -0.001198 0.999999 -0.000000
0.000000 0.110853 -0.000000 1.000000
-0.001108 0.999999 -0.001157 0.000000
0.000001 0.001157 0.999999 0.000000
0.999999 0.001108 -0.000002 -0.000000
-0.070250 -0.169827 -1.618870 1.000000
BoneName: mixamorig:LeftForeArm
BoneImdex: 10
BoneParentIndex: 9
BoneChildCount: 1
11
0.999828 0.018559 -0.000020 0.000000
-0.018559 0.999827 -0.001158 0.000000
-0.000002 0.001158 0.999999 -0.000000
-0.000000 0.293242 0.000000 1.000000
0.017452 0.999848 0.000001 0.000000
0.000001 -0.000001 1.000000 0.000000
0.999848 -0.017452 -0.000001 -0.000000
-0.078799 -0.459811 -1.619405 1.000000
BoneName: mixamorig:LeftHand
BoneImdex: 11
BoneParentIndex: 10
BoneChildCount: 5
12
16
20
24
28
0.993771 -0.111031 0.009534 0.000000
0.111151 0.993717 -0.013116 0.000000
-0.008018 0.014094 0.999869 -0.000000
0.000000 0.294320 -0.000000 1.000000
-0.093671 0.995505 0.013953 0.000000
0.009535 -0.013117 0.999869 0.000000
0.995558 0.093792 -0.008264 -0.000000
-0.010015 -0.736912 -1.629189 1.000000
BoneName: mixamorig:LeftHandThumb1
BoneImdex: 12
BoneParentIndex: 11
BoneChildCount: 1
13
0.843722 0.487215 -0.225290 0.000000
-0.534697 0.725888 -0.432650 0.000000
-0.047258 0.485498 0.872960 -0.000000
-0.038115 0.046066 -0.017498 1.000000
0.402849 0.766674 0.499923 0.000000
-0.223606 -0.447213 0.866026 0.000000
0.887532 -0.460664 -0.008726 -0.000000
0.005329 0.113919 -1.788404 1.000000
BoneName: mixamorig:LeftHandThumb2
BoneImdex: 13
BoneParentIndex: 12
BoneChildCount: 1
14
1.000000 0.000000 -0.000000 0.000000
0.000000 1.000000 -0.000000 0.000000
-0.000000 -0.000000 1.000000 -0.000000
-0.000000 0.031003 -0.000000 1.000000
0.402849 0.766674 0.499923 0.000000
-0.223606 -0.447213 0.866026 0.000000
0.887532 -0.460664 -0.008726 -0.000000
0.005329 0.082917 -1.788404 1.000000
BoneName: mixamorig:LeftHandThumb3
BoneImdex: 14
BoneParentIndex: 13
BoneChildCount: 1
15
1.000000 0.000000 -0.000000 0.000000
0.000000 1.000000 -0.000000 0.000000
-0.000000 -0.000000 1.000000 -0.000000
-0.000000 0.031971 -0.000000 1.000000
0.402849 0.766674 0.499923 0.000000
-0.223606 -0.447213 0.866026 0.000000
0.887532 -0.460664 -0.008726 -0.000000
0.005329 0.050946 -1.788404 1.000000
BoneName: mixamorig:LeftHandThumb4
BoneImdex: 15
BoneParentIndex: 14
BoneChildCount: 0
0.958041 0.144921 0.247295 0.000000
-0.140321 0.989443 -0.036223 0.000000
-0.249934 0.000003 0.968263 -0.000000
0.000000 0.027056 -0.000000 1.000000
0.620682 0.683944 0.383373 0.000000
-0.064871 -0.442485 0.894426 0.000000
0.781374 -0.580024 -0.230274 -0.000000
-0.433695 0.087671 -1.732977 1.000000
BoneName: mixamorig:LeftHandIndex1
BoneImdex: 16
BoneParentIndex: 11
BoneChildCount: 1
17
0.993772 0.111140 -0.008019 0.000000
-0.111020 0.993718 0.014089 0.000000
0.009535 -0.013111 0.999869 -0.000000
-0.032321 0.113003 -0.001381 1.000000
0.017441 0.999848 0.000006 0.000000
-0.000000 -0.000006 1.000000 0.000000
0.999848 -0.017441 -0.000000 -0.000000
-0.059239 -0.869987 -1.616238 1.000000
BoneName: mixamorig:LeftHandIndex2
BoneImdex: 17
BoneParentIndex: 16
BoneChildCount: 1
18
1.000000 0.000023 -0.000000 0.000000
-0.000023 1.000000 -0.000012 0.000000
-0.000000 0.000012 1.000000 -0.000000
0.000000 0.025462 -0.000000 1.000000
0.017463 0.999848 0.000018 0.000000
-0.000000 -0.000018 1.000000 0.000000
0.999848 -0.017463 -0.000000 -0.000000
-0.059259 -0.895427 -1.616249 1.000000
BoneName: mixamorig:LeftHandIndex3
BoneImdex: 18
BoneParentIndex: 17
BoneChildCount: 1
19
1.000000 -0.000017 -0.000000 0.000000
0.000017 1.000000 0.000018 0.000000
-0.000000 -0.000018 1.000000 -0.000000
0.000000 0.025189 -0.000000 1.000000
0.017446 0.999848 0.000000 0.000000
-0.000000 -0.000000 1.000000 0.000000
0.999848 -0.017446 0.000000 -0.000000
-0.059243 -0.920647 -1.616233 1.000000
BoneName: mixamorig:LeftHandIndex4
BoneImdex: 19
BoneParentIndex: 18
BoneChildCount: 0
0.999968 0.000049 0.008003 0.000000
-0.000049 1.000000 -0.000002 0.000000
-0.008003 0.000002 0.999968 -0.000000
0.000000 0.024854 0.000000 1.000000
0.017495 0.999847 -0.000139 0.000000
0.008003 -0.000001 0.999968 0.000000
0.999815 -0.017496 -0.008002 -0.000000
-0.072223 -0.945496 -1.615708 1.000000
BoneName: mixamorig:LeftHandMiddle1
BoneImdex: 20
BoneParentIndex: 11
BoneChildCount: 1
21
0.993771 0.111156 -0.008019 0.000000
-0.111036 0.993716 0.014090 0.000000
0.009535 -0.013112 0.999869 -0.000000
-0.012236 0.109514 0.001554 1.000000
0.017457 0.999848 0.000005 0.000000
-0.000000 -0.000005 1.000000 0.000000
0.999848 -0.017457 -0.000000 -0.000000
-0.078801 -0.864332 -1.619409 1.000000
BoneName: mixamorig:LeftHandMiddle2
BoneImdex: 21
BoneParentIndex: 20
BoneChildCount: 1
22
1.000000 0.000003 -0.000000 0.000000
-0.000003 1.000000 -0.000016 0.000000
-0.000000 0.000016 1.000000 -0.000000
0.000000 0.030630 -0.000000 1.000000
0.017460 0.999848 0.000021 0.000000
-0.000000 -0.000021 1.000000 0.000000
0.999848 -0.017460 -0.000000 -0.000000
-0.078804 -0.894935 -1.619424 1.000000
BoneName: mixamorig:LeftHandMiddle3
BoneImdex: 22
BoneParentIndex: 21
BoneChildCount: 1
23
1.000000 -0.000000 -0.000000 0.000000
0.000000 1.000000 0.000018 0.000000
-0.000000 -0.000018 1.000000 -0.000000
-0.000000 0.021660 -0.000000 1.000000
0.017460 0.999848 0.000003 0.000000
-0.000000 -0.000003 1.000000 0.000000
0.999848 -0.017460 -0.000000 -0.000000
-0.078804 -0.916624 -1.619408 1.000000
BoneName: mixamorig:LeftHandMiddle4
BoneImdex: 23
BoneParentIndex: 22
BoneChildCount: 0
0.999957 -0.001315 0.009159 0.000000
0.001315 0.999999 0.000012 0.000000
-0.009159 -0.000000 0.999958 -0.000000
-0.000000 0.027520 -0.000000 1.000000
0.016144 0.999870 -0.000156 0.000000
0.009159 0.000008 0.999958 0.000000
0.999828 -0.016145 -0.009157 -0.000000
-0.092391 -0.944265 -1.618619 1.000000
BoneName: mixamorig:LeftHandRing1
BoneImdex: 24
BoneParentIndex: 11
BoneChildCount: 1
25
0.993773 0.111134 -0.008019 0.000000
-0.111015 0.993719 0.014083 0.000000
0.009534 -0.013105 0.999869 -0.000000
0.009682 0.108915 0.000401 1.000000
0.017435 0.999848 0.000012 0.000000
-0.000000 -0.000012 1.000000 0.000000
0.999848 -0.017435 -0.000000 -0.000000
-0.100507 -0.861276 -1.618480 1.000000
BoneName: mixamorig:LeftHandRing2
BoneImdex: 25
BoneParentIndex: 24
BoneChildCount: 1
26
1.000000 0.000044 -0.000000 0.000000
-0.000044 1.000000 -0.000016 0.000000
-0.000000 0.000016 1.000000 -0.000000
0.000000 0.024723 -0.000000 1.000000
0.017480 0.999847 0.000028 0.000000
-0.000000 -0.000028 1.000000 0.000000
0.999847 -0.017480 -0.000000 -0.000000
-0.100546 -0.885969 -1.618493 1.000000
BoneName: mixamorig:LeftHandRing3
BoneImdex: 26
BoneParentIndex: 25
BoneChildCount: 1
27
1.000000 -0.000032 -0.000000 0.000000
0.000032 1.000000 0.000045 0.000000
-0.000000 -0.000045 1.000000 -0.000000
-0.000000 0.016362 -0.000000 1.000000
0.017448 0.999848 -0.000017 0.000000
-0.000000 0.000017 1.000000 0.000000
0.999848 -0.017448 0.000000 -0.000000
-0.100517 -0.902406 -1.618453 1.000000
BoneName: mixamorig:LeftHandRing4
BoneImdex: 27
BoneParentIndex: 26
BoneChildCount: 0
0.999889 0.001540 0.014793 0.000000
-0.001540 0.999999 -0.000041 0.000000
-0.014793 0.000018 0.999891 -0.000000
-0.000000 0.027312 -0.000000 1.000000
0.018985 0.999820 -0.000256 0.000000
0.014793 -0.000025 0.999891 0.000000
0.999710 -0.018987 -0.014790 -0.000000
-0.125879 -0.929495 -1.616807 1.000000
BoneName: mixamorig:LeftHandPinky1
BoneImdex: 28
BoneParentIndex: 11
BoneChildCount: 1
29
0.993772 0.111145 -0.008019 0.000000
-0.111025 0.993718 0.014095 0.000000
0.009535 -0.013117 0.999869 -0.000000
0.027948 0.100767 -0.001541 1.000000
0.017446 0.999848 0.000000 0.000000
-0.000000 -0.000000 1.000000 0.000000
0.999848 -0.017446 0.000000 -0.000000
-0.117779 -0.851143 -1.616808 1.000000
BoneName: mixamorig:LeftHandPinky2
BoneImdex: 29
BoneParentIndex: 28
BoneChildCount: 1
30
1.000000 -0.000003 -0.000000 0.000000
0.000003 1.000000 0.000010 0.000000
-0.000000 -0.000010 1.000000 -0.000000
0.000000 0.025811 -0.000000 1.000000
0.017443 0.999848 -0.000010 0.000000
-0.000000 0.000010 1.000000 0.000000
0.999848 -0.017443 0.000000 -0.000000
-0.117776 -0.876971 -1.616799 1.000000
BoneName: mixamorig:LeftHandPinky3
BoneImdex: 30
BoneParentIndex: 29
BoneChildCount: 1
31
1.000000 0.000014 -0.000000 0.000000
-0.000014 1.000000 -0.000013 0.000000
-0.000000 0.000013 1.000000 -0.000000
0.000000 0.015168 0.000000 1.000000
0.017457 0.999848 0.000003 0.000000
-0.000000 -0.000003 1.000000 0.000000
0.999848 -0.017457 -0.000000 -0.000000
-0.117788 -0.892117 -1.616811 1.000000
BoneName: mixamorig:LeftHandPinky4
BoneImdex: 31
BoneParentIndex: 30
BoneChildCount: 0
0.999966 -0.001149 0.008200 0.000000
0.001148 0.999999 0.000009 0.000000
-0.008200 0.000000 0.999966 -0.000000
-0.000000 0.016595 -0.000000 1.000000
0.016308 0.999867 -0.000140 0.000000
0.008200 0.000007 0.999966 0.000000
0.999833 -0.016309 -0.008199 -0.000000
-0.129998 -0.908862 -1.615791 1.000000
BoneName: mixamorig:RightShoulder
BoneImdex: 32
BoneParentIndex: 4
BoneChildCount: 1
33
0.001977 -0.209704 -0.977763 0.000000
-0.999282 0.036593 -0.009868 0.000000
0.037849 0.977080 -0.209481 -0.000000
-0.051802 0.141304 0.008758 1.000000
0.001978 -0.999998 -0.000524 0.000000
0.000001 -0.000524 1.000000 0.000000
-0.999998 -0.001978 -0.000000 -0.000000
0.070766 -0.055988 -1.619100 1.000000
BoneName: mixamorig:RightArm
BoneImdex: 33
BoneParentIndex: 32
BoneChildCount: 1
34
0.999995 0.003088 0.000003 0.000000
-0.003088 0.999994 0.001866 0.000000
0.000003 -0.001866 0.999998 -0.000000
-0.000000 0.111544 0.000000 1.000000
-0.001110 -0.999998 0.001342 0.000000
0.000002 0.001342 0.999999 0.000000
-0.999999 0.001110 0.000001 -0.000000
0.070244 -0.170772 -1.618784 1.000000
BoneName: mixamorig:RightForeArm
BoneImdex: 34
BoneParentIndex: 33
BoneChildCount: 1
35
0.999828 -0.018560 0.000026 0.000000
0.018560 0.999827 -0.001341 0.000000
-0.000001 0.001341 0.999999 -0.000000
-0.000000 0.292682 0.000000 1.000000
0.017452 -0.999848 0.000002 0.000000
0.000002 0.000002 1.000000 0.000000
-0.999848 -0.017452 0.000002 -0.000000
0.078795 -0.459899 -1.619404 1.000000
BoneName: mixamorig:RightHand
BoneImdex: 35
BoneParentIndex: 34
BoneChildCount: 5
36
40
44
48
52
0.993330 0.114355 -0.014811 0.000000
-0.114553 0.993328 -0.013326 0.000000
0.013188 0.014933 0.999802 -0.000000
-0.000001 0.294320 0.000000 1.000000
-0.097001 -0.995176 -0.014699 0.000000
-0.014809 -0.013324 0.999802 0.000000
-0.995174 0.097200 -0.013445 -0.000000
0.016006 -0.736634 -1.629307 1.000000
BoneName: mixamorig:RightHandThumb1
BoneImdex: 36
BoneParentIndex: 35
BoneChildCount: 1
37
0.840852 -0.490162 0.229584 0.000000
0.539444 0.724146 -0.429665 0.000000
0.044353 0.485133 0.873315 -0.000000
0.038364 0.045939 -0.017287 1.000000
0.402859 -0.766664 -0.499932 0.000000
0.223617 -0.447217 0.866021 0.000000
-0.887525 -0.460677 -0.008726 -0.000000
-0.005306 0.113871 -1.788445 1.000000
BoneName: mixamorig:RightHandThumb2
BoneImdex: 37
BoneParentIndex: 36
BoneChildCount: 1
38
1.000000 0.000007 -0.000000 0.000000
-0.000007 1.000000 0.000019 0.000000
0.000000 -0.000019 1.000000 -0.000000
0.000000 0.031003 0.000000 1.000000
0.402853 -0.766676 -0.499916 0.000000
0.223614 -0.447202 0.866029 0.000000
-0.887528 -0.460671 -0.008717 -0.000000
-0.005305 0.082833 -1.788446 1.000000
BoneName: mixamorig:RightHandThumb3
BoneImdex: 38
BoneParentIndex: 37
BoneChildCount: 1
39
1.000000 -0.000011 -0.000000 0.000000
0.000011 1.000000 -0.000033 0.000000
0.000000 0.000033 1.000000 -0.000000
-0.000000 0.031971 0.000000 1.000000
0.402861 -0.766655 -0.499943 0.000000
0.223619 -0.447229 0.866014 0.000000
-0.887523 -0.460680 -0.008733 -0.000000
-0.005306 0.050924 -1.788444 1.000000
BoneName: mixamorig:RightHandThumb4
BoneImdex: 39
BoneParentIndex: 38
BoneChildCount: 0
0.957215 -0.145420 -0.250185 0.000000
0.140727 0.989370 -0.036648 0.000000
0.252855 -0.000128 0.967504 -0.000000
0.000000 0.023562 -0.000000 1.000000
0.622191 -0.683490 -0.381734 0.000000
0.062423 -0.442744 0.894473 0.000000
-0.780373 -0.580362 -0.232805 -0.000000
0.438384 0.091867 -1.731673 1.000000
BoneName: mixamorig:RightHandIndex1
BoneImdex: 40
BoneParentIndex: 35
BoneChildCount: 1
41
0.993331 -0.114543 0.013187 0.000000
0.114344 0.993329 0.014938 0.000000
-0.014810 -0.013330 0.999801 -0.000000
0.032715 0.112892 -0.001184 1.000000
0.017442 -0.999848 0.000006 0.000000
-0.000000 0.000006 1.000000 0.000000
-0.999848 -0.017442 0.000000 -0.000000
0.059240 -0.870089 -1.616228 1.000000
BoneName: mixamorig:RightHandIndex2
BoneImdex: 41
BoneParentIndex: 40
BoneChildCount: 1
42
1.000000 -0.000012 -0.000000 0.000000
0.000012 1.000000 -0.000012 0.000000
0.000000 0.000012 1.000000 -0.000000
0.000000 0.025462 0.000000 1.000000
0.017453 -0.999848 -0.000006 0.000000
-0.000000 -0.000006 1.000000 0.000000
-0.999848 -0.017453 -0.000000 -0.000000
0.059250 -0.895531 -1.616239 1.000000
BoneName: mixamorig:RightHandIndex3
BoneImdex: 42
BoneParentIndex: 41
BoneChildCount: 1
43
1.000000 0.000016 -0.000000 0.000000
-0.000016 1.000000 0.000018 0.000000
0.000000 -0.000018 1.000000 -0.000000
-0.000000 0.025189 0.000000 1.000000
0.017438 -0.999848 0.000012 0.000000
-0.000000 0.000012 1.000000 0.000000
-0.999848 -0.017438 0.000000 -0.000000
0.059236 -0.920751 -1.616222 1.000000
BoneName: mixamorig:RightHandIndex4
BoneImdex: 43
BoneParentIndex: 42
BoneChildCount: 0
0.999906 0.002738 -0.013418 0.000000
-0.002736 0.999996 0.000152 0.000000
0.013418 -0.000115 0.999910 -0.000000
0.000000 0.024854 -0.000000 1.000000
0.014699 -0.999892 0.000362 0.000000
-0.013418 0.000164 0.999910 0.000000
-0.999802 -0.014702 -0.013414 -0.000000
0.078329 -0.946009 -1.615173 1.000000
BoneName: mixamorig:RightHandMiddle1
BoneImdex: 44
BoneParentIndex: 35
BoneChildCount: 1
45
0.993329 -0.114554 0.013186 0.000000
0.114356 0.993328 0.014932 0.000000
-0.014809 -0.013324 0.999802 -0.000000
0.012603 0.109471 0.001646 1.000000
0.017453 -0.999848 0.000000 0.000000
-0.000000 0.000000 1.000000 0.000000
-0.999848 -0.017453 -0.000000 -0.000000
0.078799 -0.864424 -1.619405 1.000000
BoneName: mixamorig:RightHandMiddle2
BoneImdex: 45
BoneParentIndex: 44
BoneChildCount: 1
46
1.000000 -0.000000 -0.000000 0.000000
0.000000 1.000000 -0.000021 0.000000
0.000000 0.000021 1.000000 -0.000000
0.000000 0.030630 0.000000 1.000000
0.017454 -0.999848 -0.000021 0.000000
-0.000000 -0.000021 1.000000 0.000000
-0.999848 -0.017454 -0.000000 -0.000000
0.078799 -0.895019 -1.619424 1.000000
BoneName: mixamorig:RightHandMiddle3
BoneImdex: 46
BoneParentIndex: 45
BoneChildCount: 1
47
1.000000 -0.000014 -0.000000 0.000000
0.000014 1.000000 0.000037 0.000000
-0.000000 -0.000037 1.000000 -0.000000
0.000000 0.021660 -0.000000 1.000000
0.017468 -0.999847 0.000016 0.000000
-0.000000 0.000016 1.000000 0.000000
-0.999847 -0.017468 0.000000 -0.000000
0.078812 -0.916738 -1.619390 1.000000
BoneName: mixamorig:RightHandMiddle4
BoneImdex: 47
BoneParentIndex: 46
BoneChildCount: 0
0.999905 -0.003401 -0.013390 0.000000
0.003402 0.999994 0.000065 0.000000
0.013390 -0.000110 0.999910 -0.000000
0.000000 0.029147 0.000000 1.000000
0.020867 -0.999782 0.000361 0.000000
-0.013390 0.000081 0.999910 0.000000
-0.999693 -0.020870 -0.013386 -0.000000
0.103706 -0.945717 -1.618085 1.000000
BoneName: mixamorig:RightHandRing1
BoneImdex: 48
BoneParentIndex: 35
BoneChildCount: 1
49
0.993330 -0.114547 0.013186 0.000000
0.114349 0.993329 0.014919 0.000000
-0.014807 -0.013312 0.999802 -0.000000
-0.009311 0.108947 0.000378 1.000000
0.017447 -0.999848 -0.000012 0.000000
-0.000000 -0.000012 1.000000 0.000000
-0.999848 -0.017447 -0.000000 -0.000000
0.100517 -0.861359 -1.618480 1.000000
BoneName: mixamorig:RightHandRing2
BoneImdex: 49
BoneParentIndex: 48
BoneChildCount: 1
50
1.000000 0.000020 -0.000000 0.000000
-0.000020 1.000000 0.000040 0.000000
0.000000 -0.000040 1.000000 -0.000000
0.000000 0.024723 0.000000 1.000000
0.017427 -0.999848 0.000028 0.000000
-0.000000 0.000028 1.000000 0.000000
-0.999848 -0.017427 0.000000 -0.000000
0.100499 -0.886149 -1.618444 1.000000
BoneName: mixamorig:RightHandRing3
BoneImdex: 50
BoneParentIndex: 49
BoneChildCount: 1
51
1.000000 -0.000028 -0.000000 0.000000
0.000028 1.000000 -0.000034 0.000000
0.000000 0.000034 1.000000 -0.000000
-0.000000 0.016362 0.000000 1.000000
0.017455 -0.999848 -0.000006 0.000000
-0.000000 -0.000006 1.000000 0.000000
-0.999848 -0.017455 -0.000000 -0.000000
0.100525 -0.902453 -1.618474 1.000000
BoneName: mixamorig:RightHandRing4
BoneImdex: 51
BoneParentIndex: 50
BoneChildCount: 0
0.999884 -0.000591 -0.015226 0.000000
0.000593 1.000000 0.000124 0.000000
0.015226 -0.000133 0.999884 -0.000000
0.000000 0.027312 -0.000000 1.000000
0.018043 -0.999837 0.000391 0.000000
-0.015226 0.000116 0.999884 0.000000
-0.999721 -0.018047 -0.015221 -0.000000
0.125705 -0.929903 -1.616634 1.000000
BoneName: mixamorig:RightHandPinky1
BoneImdex: 52
BoneParentIndex: 35
BoneChildCount: 1
53
0.993328 -0.114569 0.013186 0.000000
0.114370 0.993326 0.014944 0.000000
-0.014810 -0.013336 0.999801 -0.000000
-0.027594 0.100862 -0.001662 1.000000
0.017468 -0.999847 0.000012 0.000000
-0.000000 0.000012 1.000000 0.000000
-0.999847 -0.017468 0.000000 -0.000000
0.117798 -0.851244 -1.616799 1.000000
BoneName: mixamorig:RightHandPinky2
BoneImdex: 53
BoneParentIndex: 52
BoneChildCount: 1
54
1.000000 -0.000011 -0.000000 0.000000
0.000011 1.000000 -0.000032 0.000000
0.000000 0.000032 1.000000 -0.000000
0.000000 0.025811 0.000000 1.000000
0.017479 -0.999847 -0.000020 0.000000
-0.000000 -0.000020 1.000000 0.000000
-0.999847 -0.017479 -0.000000 -0.000000
0.117808 -0.877002 -1.616826 1.000000
BoneName: mixamorig:RightHandPinky3
BoneImdex: 54
BoneParentIndex: 53
BoneChildCount: 1
55
1.000000 0.000057 -0.000000 0.000000
-0.000057 1.000000 0.000003 0.000000
0.000000 -0.000003 1.000000 -0.000000
-0.000000 0.015168 0.000000 1.000000
0.017423 -0.999848 -0.000017 0.000000
-0.000000 -0.000017 1.000000 0.000000
-0.999848 -0.017423 -0.000000 -0.000000
0.117757 -0.892180 -1.616824 1.000000
BoneName: mixamorig:RightHandPinky4
BoneImdex: 55
BoneParentIndex: 54
BoneChildCount: 0
0.999846 0.004378 -0.016997 0.000000
-0.004375 0.999990 0.000219 0.000000
0.016997 -0.000145 0.999856 -0.000000
-0.000000 0.017472 0.000000 1.000000
0.013043 -0.999915 0.000424 0.000000
-0.016997 0.000202 0.999856 0.000000
-0.999770 -0.013049 -0.016993 -0.000000
0.141237 -0.910514 -1.614457 1.000000
BoneName: mixamorig:LeftUpLeg
BoneImdex: 56
BoneParentIndex: 1
BoneChildCount: 1
57
-0.999970 -0.000160 -0.007699 0.000000
0.000278 -0.999884 -0.015256 0.000000
-0.007696 -0.015258 0.999854 -0.000000
0.097631 -0.056070 0.005306 1.000000
-0.999970 0.000365 -0.007692 0.000000
-0.000248 -0.999884 -0.015258 0.000000
-0.007697 -0.015256 0.999854 -0.000000
0.097940 1.069406 0.014608 1.000000
BoneName: mixamorig:LeftLeg
BoneImdex: 57
BoneParentIndex: 56
BoneChildCount: 1
58
0.999932 -0.000419 0.011663 0.000000
-0.000589 0.996272 0.086261 0.000000
-0.011656 -0.086262 0.996204 -0.000000
-0.000000 0.464459 0.000000 1.000000
-0.999992 0.000289 0.003961 0.000000
-0.000007 -0.997472 0.071055 0.000000
0.003972 0.071054 0.997465 -0.000000
0.097851 0.603895 -0.038773 1.000000
BoneName: mixamorig:LeftFoot
BoneImdex: 58
BoneParentIndex: 57
BoneChildCount: 1
59
0.987683 0.155744 -0.015027 0.000000
-0.097953 0.540566 -0.835580 0.000000
-0.122013 0.826760 0.549164 -0.000000
-0.000000 0.484726 -0.000000 1.000000
-0.987690 0.094799 0.124427 0.000000
-0.156425 -0.598571 -0.785649 0.000000
-0.000000 -0.795441 0.606031 -0.000000
0.115788 0.087232 0.065292 1.000000
BoneName: mixamorig:LeftToeBase
BoneImdex: 59
BoneParentIndex: 58
BoneChildCount: 1
60
0.984474 -0.117081 -0.130777 0.000000
0.016772 0.804380 -0.593878 0.000000
0.174726 0.582464 0.793855 -0.000000
0.000000 0.195084 0.000000 1.000000
-0.999726 -0.014206 -0.018582 0.000000
0.018829 -0.017522 -0.999669 0.000000
0.013876 -0.999746 0.017785 -0.000000
0.118079 -0.123587 0.009244 1.000000
BoneName: mixamorig:LeftToe_End
BoneImdex: 60
BoneParentIndex: 59
BoneChildCount: 0
1.000000 0.000000 -0.000000 0.000000
0.000000 1.000000 -0.000000 0.000000
-0.000000 -0.000000 1.000000 -0.000000
0.000000 0.066650 -0.000000 1.000000
-0.999726 -0.014206 -0.018582 0.000000
0.018829 -0.017522 -0.999669 0.000000
0.013876 -0.999746 0.017785 -0.000000
0.118079 -0.190237 0.009244 1.000000
BoneName: mixamorig:RightUpLeg
BoneImdex: 61
BoneParentIndex: 1
BoneChildCount: 1
62
-0.999970 -0.000234 0.007771 0.000000
0.000240 -1.000000 0.000808 0.000000
0.007770 0.000810 0.999969 -0.000000
-0.098240 -0.056053 0.000139 1.000000
-0.999970 0.000328 0.007773 0.000000
-0.000321 -1.000000 0.000811 0.000000
0.007773 0.000808 0.999969 -0.000000
-0.097843 1.069563 0.002600 1.000000
BoneName: mixamorig:RightLeg
BoneImdex: 62
BoneParentIndex: 61
BoneChildCount: 1
63
0.999892 0.000314 -0.014698 0.000000
0.000650 0.997848 0.065567 0.000000
0.014687 -0.065569 0.997740 -0.000000
-0.000000 0.464645 0.000000 1.000000
-0.999976 0.000187 -0.006952 0.000000
-0.000648 -0.997795 0.066373 0.000000
-0.006924 0.066376 0.997771 -0.000000
-0.097681 0.603723 -0.038506 1.000000
BoneName: mixamorig:RightFoot
BoneImdex: 63
BoneParentIndex: 62
BoneChildCount: 1
64
0.987606 -0.156003 0.017232 0.000000
0.101041 0.547936 -0.830396 0.000000
0.120102 0.821845 0.556908 -0.000000
0.000000 0.484354 0.000000 1.000000
-0.987731 -0.095163 -0.123817 0.000000
0.156162 -0.601909 -0.783147 0.000000
0.000000 -0.792874 0.609385 -0.000000
-0.115756 0.087513 0.064927 1.000000
BoneName: mixamorig:RightToeBase
BoneImdex: 64
BoneParentIndex: 63
BoneChildCount: 1
65
0.984666 0.116964 0.129431 0.000000
-0.016739 0.801858 -0.597281 0.000000
-0.173646 0.585955 0.791520 -0.000000
-0.000000 0.194001 0.000000 1.000000
-0.999742 0.014180 0.017750 0.000000
-0.017997 -0.017501 -0.999685 0.000000
-0.013865 -0.999746 0.017752 -0.000000
-0.118033 -0.122231 0.009094 1.000000
BoneName: mixamorig:RightToe_End
BoneImdex: 65
BoneParentIndex: 64
BoneChildCount: 0
1.000000 0.000000 -0.000000 0.000000
0.000000 1.000000 -0.000000 0.000000
-0.000000 -0.000000 1.000000 -0.000000
0.000000 0.066776 -0.000000 1.000000
-0.999742 0.014180 0.017750 0.000000
-0.017997 -0.017501 -0.999685 0.000000
-0.013865 -0.999746 0.017752 -0.000000
-0.118033 -0.189006 0.009094 1.000000
BoneName: Akai
BoneImdex: 66
BoneParentIndex: 0
BoneChildCount: 0
1.000000 0.000000 -0.000000 0.000000
0.000000 1.000000 -0.000000 0.000000
-0.000000 -0.000000 1.000000 -0.000000
0.000000 0.000000 -0.000000 1.000000
1.000000 0.000000 0.000000 0.000000
0.000000 1.000000 0.000000 0.000000
0.000000 0.000000 1.000000 0.000000
0.000000 0.000000 0.000000 1.000000
